entrée = [19.         -7.          0.39269908  0.          0.        ]
sortie = [19.08831999 -6.83177521  1.08734012  0.19        0.69464104]
entrée = [19.08831999 -6.83177521  1.08734012  0.19        0.69464104]
sortie = [19.07108205 -6.45216639  1.61617489  0.38        0.52883476]
entrée = [19.07108205 -6.45216639  1.61617489  0.38        0.52883476]
sortie = [18.82210503 -5.93941846  2.0228366   0.57        0.40666172]
entrée = [18.82210503 -5.93941846  2.0228366   0.57        0.40666172]
sortie = [18.29511964 -5.39179962  2.33699587  0.76        0.31415927]
entrée = [18.29511964 -5.39179962  2.33699587  0.76        0.31415927]
sortie = [17.48947395 -4.88837631  2.58308729  0.95        0.24609142]
entrée = [17.48947395 -4.88837631  2.58308729  0.95        0.24609142]
sortie = [16.56584995 -4.53197947  2.77332818  0.99        0.19024089]
entrée = [16.56584995 -4.53197947  2.77332818  0.99        0.19024089]
sortie = [15.59969236 -4.31601767  2.92168117  0.99        0.14835299]
entrée = [15.59969236 -4.31601767  2.92168117  0.99        0.14835299]
sortie = [14.61511568 -4.21253449  3.0368729   0.99        0.11519173]
entrée = [14.61511568 -4.21253449  3.0368729   0.99        0.11519173]
sortie = [13.62521218 -4.19871193  3.12763002  0.99        0.09075712]
entrée = [13.62521218 -4.19871193  3.12763002  0.99        0.09075712]
sortie = [12.63685379 -4.25570032  3.19918852  0.99        0.0715585 ]
entrée = [12.63685379 -4.25570032  3.19918852  0.99        0.0715585 ]
sortie = [11.65321765 -4.3677715   3.25503905  0.99        0.05585054]
entrée = [11.65321765 -4.3677715   3.25503905  0.99        0.05585054]
sortie = [10.67567798 -4.52434798  3.30041762  0.99        0.04537856]
entrée = [10.67567798 -4.52434798  3.30041762  0.99        0.04537856]
sortie = [ 9.70419824 -4.71494473  3.3353242   0.99        0.03490659]
entrée = [ 9.70419824 -4.71494473  3.3353242   0.99        0.03490659]
sortie = [ 8.73880038 -4.93427774  3.3649948   0.99        0.0296706 ]
entrée = [ 8.73880038 -4.93427774  3.3649948   0.99        0.0296706 ]
sortie = [ 7.77862709 -5.1754566   3.38768408  0.99        0.02268928]
entrée = [ 7.77862709 -5.1754566   3.38768408  0.99        0.02268928]
sortie = [ 6.82326076 -5.43502389  3.4068827   0.99        0.01919862]
entrée = [ 6.82326076 -5.43502389  3.4068827   0.99        0.01919862]
sortie = [ 5.87257001 -5.71122509  3.42433599  0.99        0.01745329]
entrée = [ 5.87257001 -5.71122509  3.42433599  0.99        0.01745329]
sortie = [ 4.92633492 -6.00232501  3.44004396  0.99        0.01570796]
entrée = [ 4.92633492 -6.00232501  3.44004396  0.99        0.01570796]
sortie = [ 3.94526156 -6.13497133  3.27598301  0.99       -0.16406095]
entrée = [ 3.94526156 -6.13497133  3.27598301  0.99       -0.16406095]
sortie = [ 3.10845234 -5.60596251  2.57785131  0.99       -0.6981317 ]
entrée = [ 3.10845234 -5.60596251  2.57785131  0.99       -0.6981317 ]
sortie = [ 2.80745961 -4.66282764  1.8797196   0.99       -0.6981317 ]
entrée = [ 2.80745961 -4.66282764  1.8797196   0.99       -0.6981317 ]
sortie = [ 3.18312121 -3.74687002  1.1815879   0.99       -0.6981317 ]
entrée = [ 3.18312121 -3.74687002  1.1815879   0.99       -0.6981317 ]
sortie = [ 4.0596609  -3.28667639  0.4834562   0.99       -0.6981317 ]
entrée = [ 4.0596609  -3.28667639  0.4834562   0.99       -0.6981317 ]
sortie = [ 5.02693602 -3.49757648 -0.2146755   0.99       -0.6981317 ]
entrée = [ 5.02693602 -3.49757648 -0.2146755   0.99       -0.6981317 ]
sortie = [ 5.66329575 -4.25596047 -0.87266463  0.99       -0.65798913]
entrée = [ 5.66329575 -4.25596047 -0.87266463  0.99       -0.65798913]
sortie = [ 5.81645903 -5.23404074 -1.41546202  0.99       -0.5427974 ]
entrée = [ 5.81645903 -5.23404074 -1.41546202  0.99       -0.5427974 ]
sortie = [ 5.51876029 -6.17822052 -1.87622895  0.99       -0.46076692]
entrée = [ 5.51876029 -6.17822052 -1.87622895  0.99       -0.46076692]
sortie = [ 4.86926185 -6.92538301 -2.28638132  0.99       -0.41015237]
entrée = [ 4.86926185 -6.92538301 -2.28638132  0.99       -0.41015237]
sortie = [ 4.10097591 -7.54975206 -2.45916892  0.99       -0.1727876 ]
entrée = [ 4.10097591 -7.54975206 -2.45916892  0.99       -0.1727876 ]
sortie = [ 3.2204537  -8.002279   -2.6668631   0.99       -0.20769418]
entrée = [ 3.2204537  -8.002279   -2.6668631   0.99       -0.20769418]
sortie = [ 2.23681756 -8.11435019 -3.02814625  0.99       -0.36128316]
entrée = [ 2.23681756 -8.11435019 -3.02814625  0.99       -0.36128316]
sortie = [ 1.36761442 -7.64044525 -3.64075682  0.99       -0.61261057]