entrée = [19.015      -7.409       0.39269908  0.          0.        ]
[0.19000000000000034, 0.6963863715457396]
sortie = [19.10302625 -7.24062132  1.08908545  0.19        0.69638637]
entrée = [19.10302625 -7.24062132  1.08908545  0.19        0.69638637]
[0.38000000000000034, 0.6963863715457396]
sortie = [19.0220747  -6.869344    1.78547182  0.38        0.69638637]
entrée = [19.0220747  -6.869344    1.78547182  0.38        0.69638637]
[0.5700000000000007, 0.6963863715457396]
sortie = [18.57168634 -6.51998698  2.4818582   0.57        0.69638637]
entrée = [18.57168634 -6.51998698  2.4818582   0.57        0.69638637]
[0.7600000000000011, 0.6963863715457396]
sortie = [17.81219676 -6.5478362   3.17824457  0.76        0.69638637]
entrée = [17.81219676 -6.5478362   3.17824457  0.76        0.69638637]
[0.9500000000000015, 0.6963863715457396]
sortie = [17.10620918 -7.18351028  3.87463094  0.95        0.69638637]
entrée = [17.10620918 -7.18351028  3.87463094  0.95        0.69638637]
[0.9900000000000018, 0.6963863715457396]
sortie = [16.96671696 -8.1636337   4.57101731  0.99        0.69638637]
entrée = [16.96671696 -8.1636337   4.57101731  0.99        0.69638637]
[0.990000000000002, 0.6963863715457396]
sortie = [17.4884032  -9.00502746  5.26740368  0.99        0.69638637]
entrée = [17.4884032  -9.00502746  5.26740368  0.99        0.69638637]
[0.9900000000000022, 0.6963863715457396]
sortie = [18.42833442 -9.31587999  5.96379005  0.99        0.69638637]
entrée = [18.42833442 -9.31587999  5.96379005  0.99        0.69638637]
[0.9900000000000024, 0.6963863715457396]
sortie = [19.34881314 -8.95143669  6.66017643  0.99        0.69638637]
entrée = [19.34881314 -8.95143669  6.66017643  0.99        0.69638637]
[0.9900000000000027, 0.6963863715457396]
sortie = [19.82120031 -8.08140775  7.3565628   0.99        0.69638637]
entrée = [19.82120031 -8.08140775  7.3565628   0.99        0.69638637]
[0.9900000000000029, 0.6963863715457396]
sortie = [19.62551955 -7.11093928  8.05294917  0.99        0.69638637]